0 
1 12 
0 
0 
3 5 2 3 
0 
0 
0 
0 
0 
2 13 8 
0 
2 1 16 
0 
2 13 8 
0 
0 
0 
3 5 2 3 
0 
0 
0 
0 
0 
0 
0 
1 12 
2 6 3 
1 16 
1 16 
0 
0 
1 11 
0 
0 
0 
2 6 16 
1 10 
3 15 1 8 
0 
4 5 2 17 7 
2 13 8 
0 
0 
0 
0 
0 
0 
0 
3 15 1 17 
0 
0 
0 
0 
2 13 14 
0 
0 
1 8 
0 
0 
0 
0 
0 
2 1 8 
0 
1 9 
0 
0 
0 
0 
2 6 3 
0 
0 
0 
3 15 1 8 
0 
2 6 16 
0 
0 
1 12 
1 9 
0 
0 
0 
0 
0 
1 10 
0 
0 
0 
0 
0 
2 1 11 
3 15 1 17 
1 16 
3 5 1 3 
0 
3 5 1 16 
0 
0 
0 
1 10 
0 
3 15 4 17 
0 
0 
0 
3 6 17 7 
0 
0 
1 9 
0 
0 
1 9 
0 
0 
2 6 16 
0 
0 
0 
2 13 8 
0 
0 
0 
1 12 
0 
0 
0 
0 
0 
0 
2 13 3 
0 
0 
0 
1 12 
3 15 4 16 
0 
0 
0 
0 
0 
0 
0 
0 
0 
0 
1 9 
0 
0 
0 
0 
0 
1 12 
0 
3 15 2 3 
0 
0 
0 
3 15 2 3 
0 
1 12 
2 6 3 
0 
0 
0 
0 
0 
0 
0 
0 
0 
2 6 8 
1 12 
0 
0 
3 15 1 14 
0 
0 
1 11 
0 
0 
0 
0 
0 
1 12 
0 
0 
0 
0 
0 
0 
0 
0 
0 
0 
0 
0 
0 
0 
0 
0 
0 
3 5 2 17 
1 12 
0 
0 
0 
0 
0 
0 
3 15 1 16 
3 5 4 11 
0 
0 
0 
0 
1 10 
3 5 1 11 
0 
0 
0 
0 
0 
1 16 
0 
1 10 
0 
0 
0 
0 
0 
2 6 16 
0 
0 
0 
0 
0 
0 
3 5 2 14 
0 
0 
0 
1 9 
0 
0 
0 
0 
0 
0 
0 
0 
0 
0 
0 
0 
1 9 
0 
0 
0 
0 
2 13 14 
0 
0 
0 
0 
0 
1 10 
0 
0 
0 
0 
0 
0 
3 15 4 11 
0 
1 12 
1 9 
4 5 1 17 7 
0 
0 
0 
1 12 
1 9 
0 
1 9 
0 
0 
0 
0 
0 
0 
0 
3 5 2 16 
1 9 
0 
0 
1 9 
0 
1 11 
0 
0 
0 
3 5 2 17 
0 
0 
0 
1 16 
0 
2 13 16 
1 12 
0 
0 
4 15 2 17 7 
2 2 3 
2 1 14 
0 
2 13 3 
0 
0 
0 
0 
1 12 
1 12 
2 13 8 
1 11 
0 
0 
0 
2 6 17 
0 
0 
4 5 1 17 7 
0 
0 
0 
2 6 3 
4 5 4 17 7 
3 5 2 17 
0 
0 
0 
0 
0 
